
   [Parameters]

sig_mass_mean1  =  3.1049   +/- 0.0038078 C L(0 - 5)
sig_mass_mean2  =  3.0151   +/- 0.015688  C L(0 - 5)
sig_mass_mean3  =  3.0595   +/- 0.0079013 C L(0 - 5)
sig_mass_sigma1 =  0.048932 +/- 0.0043292 C L(0 - 1000)
sig_mass_sigma2 =  0.10532  +/- 0.0099289 C L(0 - 1000)
sig_mass_sigma3 =  0.30473  +/- 0.0081639 C L(0 - 1000)
sig_mass_f1     =  0.25560  +/- 0.041603  L(0 - 1)
sig_mass_f2     =  0.29394  +/- 0.053519  L(0 - 1)

bkg_mass_p1 =  3.7414   +/- 0.13138  L(-100 - 100)
bkg_mass_p2 = -0.997443 +/- 0.032922 L(-100 - 100)

N_sig =  4448.0 +/- 66.691 L(-100 - 10000)
N_bkg =  6834.9 +/- 82.668 L(-100 - 10000)

   [Observables]

invMass =  3.1 C L(1.5 - 4)      // [GeV]
weight  =  1.0 C L(0 - 1000)

