
   [Parameters]
sig_mass_mean1 =  3.1049 +/- 0.0038078 C L(0 - 5) 
sig_mass_mean2 =  3.0151 +/- 0.015688 C L(0 - 5) 
sig_mass_mean3 =  3.0595 +/- 0.0079013 C L(0 - 5) 
sig_mass_sigma1 =  0.048932 +/- 0.0043292 C L(0 - 1000) 
sig_mass_sigma2 =  0.10532 +/- 0.0099289 C L(0 - 1000) 
sig_mass_sigma3 =  0.30473 +/- 0.0081639 C L(0 - 1000) 
sig_mass_f1 =  0.29606 +/- 0.017437 L(0 - 1) 
sig_mass_f2 =  0.46901 +/- 0.028019 L(0 - 1) 
bkg_mass_p1 =  98.158 +/- 0.93933 L(-100 - 100) 
bkg_mass_p2 = -24.4272 +/- 0.23432 L(-100 - 100) 
N_sig =  3939.6 +/- 104.18 L(-100 - 10000) 
N_bkg =  7343.5 +/- 119.34 L(-100 - 10000) 

   [Observables]
