
   [Parameters]
sig_mass_mean1 =  3.1049 +/- 0.0038078 L(0 - 5) 
sig_mass_mean2 =  3.0151 +/- 0.015688 L(0 - 5) 
sig_mass_mean3 =  3.0595 +/- 0.0079013 L(0 - 5) 
sig_mass_sigma1 =  0.048932 +/- 0.0043292 L(0 - 1000) 
sig_mass_sigma2 =  0.10532 +/- 0.0099289 L(0 - 1000) 
sig_mass_sigma3 =  0.30473 +/- 0.0081639 L(0 - 1000) 
sig_mass_f1 =  0.25560 +/- 0.041603 L(0 - 1) 
sig_mass_f2 =  0.29394 +/- 0.053519 L(0 - 1) 
bkg_mass_p1 =  0.0000 +/- 30.000 C L(-10 - 10) 
bkg_mass_p2 =  0.0000 +/- 30.000 C L(-10 - 10) 
N_sig =  4448.0 +/- 66.691 L(-100 - 10000) 
N_bkg =  0.0000 +/- 20.000 C L(-100 - 10000) 

   [Observables]
