
   [Parameters]

sig_mass_mean1  = 3.1 +/- 0.091069  L(0 - 5) 
sig_mass_mean2  = 3.0 +/- 0.091069  L(0 - 5) 
sig_mass_mean3  = 3.0 +/- 0.091069  L(0 - 5) 
sig_mass_sigma1 = 0.05 +/- 0.079710  L(0 - 1000) 
sig_mass_sigma2 = 0.10 +/- 0.069035  L(0 - 1000) 
sig_mass_sigma3 = 0.30 +/- 0.069035  L(0 - 1000) 
sig_mass_f1     = 0.30 +/- 0.1       L(0 - 1) 	
sig_mass_f2     = 0.30 +/- 0.1       L(0 - 1) 	

bkg_mass_p1 =  0.0000 +/- 30.000 C L(-10 - 10) 
bkg_mass_p2 =  0.0000 +/- 30.000 C L(-10 - 10) 

N_sig =  6350.0 +/- 79.684 L(-100 - 10000) 
N_bkg =  0.0000 +/- 20.000 C L(-100 - 10000) 

   [Observables]

invMass =  3.1 C L(1.5 - 4)      // [GeV]
weight  =  1.0 C L(0 - 1000)
