
   [Parameters]

sig_mass_mean =    3.1  +/- 0.091069     C L(0 - 120) 
sig_mass_sigmaL =  1.0000  +/- 0.079710  C L(0 - 1000) 
sig_mass_sigmaR =  1.0000  +/- 0.069035  C L(0 - 1000) 
sig_mass_alphaL =  0.20323 +/- 0.0044446 C L(0 - 1000) 
sig_mass_alphaR =  0.22225 +/- 0.0059461 C L(0 - 1000) 

bkg_mass_p1 =  0.5  +/- 7.3148    L(-100 - 100) 
bkg_mass_p2 =  0.5  +/- 0.048291  L(-100 - 100) 

N_bkg =  10000.0 +/- 32.046   L(-100 - 10000) 
N_sig =  0.0000 +/- 79.684 C L(-100 - 10000) 


   [Observables]

invMass =  3.1 C L(1.5 - 4)      // [GeV]
weight  =  1.0 C L(0 - 1000)


